7x7

./sudoku_solver 7 3 2 2 1 3 2 1 2 2 2 4 3 4 5 6 3 2 3 2 1 3 1 2 3 3 3 3

8x8

./sudoku_solver 4 3 4 1 5 4 3 2 2 4 2 4 1 3 5 4 3 3 5 2 3 1 3 2 2 1 2 3 2 4 3 3

9x9

./sudoku_solver 4 1 3 2 4 2 3 2 4 1 4 2 3 2 4 5 3 3 2 3 2 4 2 5 3 3 1 3 3 2 3 3 1 4 2 3
./sudoku_solver 3 3 2 3 2 4 1 2 3 4 1 2 3 3 3 4 2 3 4 4 1 3 3 3 2 2 2 3 4 4 3 1 3 2 2 3 -> has multiple solutions
./sudoku_solver 2 6 3 3 1 3 4 3 2 2 2 1 4 3 3 2 3 3 2 1 3 3 3 2 4 3 2 2 5 1 4 2 4 2 3 4
./sudoku_solver 2 4 3 3 3 1 2 5 5 2 2 2 3 5 4 3 1 3 4 1 4 2 3 3 4 2 2 3 4 3 3 1 2 5 2 2
./sudoku_solver 1 3 3 4 2 2 4 3 3 3 1 4 2 4 2 2 2 3 1 3 6 3 5 2 2 3 2 6 3 1 3 2 3 4 2 4




400 056 879