Initial board:

x | 3 1 3 4 2 3 2 4 5 2 | x
------------------------------
2 | 0 0 0 0 0 0 0 0 0 0 | 2
2 | 0 0 0 0 0 0 0 0 0 0 | 3
4 | 0 0 0 0 0 0 0 0 0 0 | 4
4 | 0 0 0 0 0 0 0 0 0 0 | 2
3 | 0 0 0 0 0 0 0 0 0 0 | 3
4 | 0 0 0 0 0 0 0 0 0 0 | 4
6 | 0 0 0 0 0 0 0 0 0 0 | 2
1 | 0 0 0 0 0 0 0 0 0 0 | 6
3 | 0 0 0 0 0 0 0 0 0 0 | 1
4 | 0 0 0 0 0 0 0 0 0 0 | 3
------------------------------
x | 3 3 3 1 5 3 4 2 3 2 | x


After logics:

x | 3 1 3 4 2 3 2 4 5 2 | x
------------------------------
2 | 0 A 0 0 0 0 0 0 0 9 | 2
2 | 9 0 0 0 0 0 0 0 0 0 | 3
4 | 0 0 0 0 0 0 0 0 0 0 | 4
4 | 0 0 0 0 0 0 0 A 0 0 | 2
3 | 0 0 A 0 0 0 0 0 0 0 | 3
4 | 0 0 0 0 0 0 0 0 0 0 | 4
6 | 0 0 0 0 0 0 0 0 A 0 | 2
1 | A 0 0 0 0 0 0 0 0 0 | 6
3 | 0 0 0 0 0 0 0 0 0 A | 1
4 | 0 0 0 A 0 0 0 9 0 0 | 3
------------------------------
x | 3 3 3 1 5 3 4 2 3 2 | x



01234567800 | A0000000000 | 01234567800 | 01234567000 | 01234567800 | 01234567800 | 01234567800 | 01234567000 | 01234560000 | 90000000000 | 
90000000000 | 01234567800 | 01234567800 | 01234567800 | 0123456780A | 01234567800 | 0123456780A | 01234567800 | 01234567000 | 01234567800 | 
01234567000 | 01234567800 | 01234567890 | 01234567890 | 0123456789A | 0123456789A | 0123456789A | 01234567800 | 01234567800 | 01234567000 | 
01234567000 | 01234567800 | 01234567890 | 01234567890 | 01234567890 | 01234567890 | 01234567890 | A0000000000 | 01234567890 | 01234567800 | 
01234567800 | 01234567890 | A0000000000 | 01234567890 | 01234567890 | 01234567890 | 01234567890 | 01234567800 | 01234567890 | 01234567800 | 
01234567000 | 01234567800 | 01234567890 | 01234567890 | 0123456789A | 0123456789A | 0123456789A | 01234567800 | 01234567800 | 01234567000 | 
01234500000 | 01234560000 | 01234567000 | 01234567800 | 01234567890 | 01234567890 | 01234567890 | 01234567800 | A0000000000 | 01234567800 | 
A0000000000 | 01234567890 | 01234567890 | 01234567890 | 01234567800 | 01234567890 | 01234567800 | 01234567000 | 01234560000 | 01234500000 | 
01234567800 | 01234567890 | 01234567890 | 01234567890 | 01234567000 | 01234567890 | 01234567800 | 01234567800 | 01234567890 | A0000000000 | 
01234567000 | 01234567800 | 01234567800 | A0000000000 | 01234560000 | 01234567800 | 01234567000 | 90000000000 | 01234567800 | 01234567800 | 

Iterations: 100000


x | 3 1 3 4 2 3 2 4 5 2 | x
------------------------------
2 | 8 A 7 6 5 0 0 4 0 9 | 2
2 | 9 8 6 7 A 0 4 5 0 0 | 3
4 | 7 0 9 8 0 A 6 0 0 5 | 4
4 | 6 7 8 9 0 0 5 A 0 0 | 2
3 | 0 9 A 0 8 7 0 6 5 0 | 3
4 | 5 0 0 0 9 8 A 0 7 6 | 4
6 | 0 6 5 0 7 0 9 0 A 8 | 2
1 | A 0 0 5 0 9 8 7 6 0 | 6
3 | 0 0 0 0 6 5 7 8 9 A | 1
4 | 0 5 0 A 0 6 0 9 8 7 | 3
------------------------------
x | 3 3 3 1 5 3 4 2 3 2 | x


Iterations: 200000


x | 3 1 3 4 2 3 2 4 5 2 | x
------------------------------
2 | 8 A 7 6 0 0 5 4 3 9 | 2
2 | 9 8 6 7 A 0 0 5 0 4 | 3
4 | 7 0 9 8 4 A 6 0 0 5 | 4
4 | 6 7 8 9 0 5 0 A 4 0 | 2
3 | 0 9 A 0 8 7 4 6 5 0 | 3
4 | 0 5 4 0 9 8 A 0 7 6 | 4
6 | 5 6 0 0 7 4 9 0 A 8 | 2
1 | A 0 5 4 0 9 8 7 6 0 | 6
3 | 4 0 0 5 6 0 7 8 9 A | 1
4 | 0 4 0 A 5 6 0 9 8 7 | 3
------------------------------
x | 3 3 3 1 5 3 4 2 3 2 | x


Iterations: 300000


x | 3 1 3 4 2 3 2 4 5 2 | x
------------------------------
2 | 8 A 7 6 3 0 0 4 5 9 | 2
2 | 9 8 6 7 A 0 5 0 0 4 | 3
4 | 7 4 9 8 0 A 6 5 0 0 | 4
4 | 6 7 8 9 5 0 0 A 4 0 | 2
3 | 0 9 A 0 8 7 4 6 0 5 | 3
4 | 5 0 0 4 9 8 A 0 7 6 | 4
6 | 0 6 0 5 7 4 9 0 A 8 | 2
1 | A 0 5 0 4 9 8 7 6 0 | 6
3 | 0 0 4 0 6 5 7 8 9 A | 1
4 | 4 5 0 A 0 6 0 9 8 7 | 3
------------------------------
x | 3 3 3 1 5 3 4 2 3 2 | x


Iterations: 400000


x | 3 1 3 4 2 3 2 4 5 2 | x
------------------------------
2 | 8 A 7 6 5 4 0 0 0 9 | 2
2 | 9 8 6 7 A 0 5 4 0 0 | 3
4 | 7 0 9 8 0 A 6 0 5 4 | 4
4 | 6 7 8 9 0 5 0 A 4 0 | 2
3 | 0 9 A 5 8 7 4 6 0 0 | 3
4 | 4 5 0 0 9 8 A 0 7 6 | 4
6 | 0 6 0 0 7 0 9 5 A 8 | 2
1 | A 0 0 0 0 9 8 7 6 5 | 6
3 | 0 0 5 0 0 6 7 8 9 A | 1
4 | 5 0 0 A 6 0 0 9 8 7 | 3
------------------------------
x | 3 3 3 1 5 3 4 2 3 2 | x


Iterations: 500000


x | 3 1 3 4 2 3 2 4 5 2 | x
------------------------------
2 | 8 A 7 6 5 3 0 0 4 9 | 2
2 | 9 8 6 7 A 0 0 4 0 5 | 3
4 | 7 0 9 8 4 A 6 5 0 0 | 4
4 | 6